329
228
248
854
616
863
150
888
420
507
198
314
692
408
342
817
890
431
127
156
690
321
369
659
724
676
754
50
701
793
727
623
131
852
722
716
783
602
459
689
326
580
10
55
970
700
708
324
123
935
655
563
453
815
468
947
89
303
245
226
782
570
531
483
47
92
865
685
200
811
742
85
502
937
449
813
847
933
668
766
328
560
393
219
777
65
713
778
436
586
253
789
203
231
869
355
536
566
450
458
158
776
977
360
41
740
492
618
790
808
957
539
223
889
325
715
593
260
107
381
988
491
315
913
951
764
640
921
64
429
171
927
29
975
644
435
820
21
679
442
904
721
759
93
234
695
440
918
556
54
981
236
773
871
589
750
169
948
832
125
45
996
511
952
638
707
185
209
926
816
624
401
972
828
407
524
76
615
19
652
97
862
48
747
181
498
320
842
281
18
114
823
669
227
275
896
942
866
370
993
752
1000
856
704
34
477
6
312
139
994
266
717
406
467
16
980
479
534
875
25
331
607
175
206
603
383
521
170
129
389
774
768
287
944
3
168
763
359
697
349
543
542
62
205
194
859
276
191
758
451
63
872
500
940
302
330
82
850
745
535
675
105
220
687
280
95
272
987
23
632
179
180
757
264
791
12
113
499
421
81
38
725
512
532
56
605
573
684
57
984
279
611
931
680
686
204
229
470
413
354
120
561
122
884
163
959
653
613
433
476
905
32
52
350
797
416
670
571
662
353
241
79
147
336
867
910
973
606
960
304
296
306
115
98
259
883
978
517
454
40
821
485
286
471
609
263
749
481
71
352
600
714
702
897
88
292
719
967
525
587
267
235
390
796
5
667
954
444
9
22
881
463
683
999
134
130
788
845
989
588
641
582
874
402
428
744
630
591
72
372
767
282
645
316
132
795
399
291
709
80
377
474
943
284
104
100
898
322
504
497
192
380
155
106
265
892
738
409
250
953
308
648
991
643
965
218
392
509
217
549
252
138
410
812
419
417
247
323
949
103
404
15
425
734
614
117
243
343
844
733
376
452
631
256
711
299
809
746
915
334
501
176
249
879
43
781
396
319
53
765
663
457
518
848
371
520
751
199
178
478
658
583
403
822
39
552
625
101
119
575
36
216
992
90
364
59
741
27
224
906